p cnf 270 867
-256 0
258 0
-260 0
262 0
240 0
264 0
242 0
-266 0
-244 0
-224 0
270 0
-246 0
-248 0
250 0
-252 0
254 0
226 0
-230 0
-136 0
228 0
210 0
-232 0
-212 0
-234 0
-214 0
236 0
216 0
-238 0
-218 0
-222 0
268 0
220 0
92 -31 0
92 -90 0
-92 31 90 0
90 -30 0
90 -88 0
-90 30 88 0
88 -29 0
88 -86 0
-88 29 86 0
86 -28 0
86 -84 0
-86 28 84 0
84 -27 0
84 -82 0
-84 27 82 0
82 -26 0
82 -80 0
-82 26 80 0
46 -8 0
46 -44 0
-46 8 44 0
44 -7 0
44 -42 0
-44 7 42 0
42 -6 0
42 -40 0
-42 6 40 0
40 -5 0
40 -38 0
-40 5 38 0
38 -4 0
38 -36 0
-38 4 36 0
62 -16 0
62 -60 0
-62 16 60 0
60 -15 0
60 -58 0
-60 15 58 0
58 -14 0
58 -56 0
-58 14 56 0
56 -13 0
56 -54 0
-56 13 54 0
54 -12 0
54 -52 0
-54 12 52 0
52 -11 0
52 -50 0
-52 11 50 0
50 -10 0
50 -48 0
-50 10 48 0
48 -9 0
48 -46 0
-48 9 46 0
76 -23 0
76 -74 0
-76 23 74 0
74 -22 0
74 -72 0
-74 22 72 0
72 -21 0
72 -70 0
-72 21 70 0
70 -20 0
70 -68 0
-70 20 68 0
68 -19 0
68 -66 0
-68 19 66 0
66 -18 0
66 -64 0
-66 18 64 0
64 -17 0
64 -62 0
-64 17 62 0
147 91 0
147 -145 0
-147 -91 145 0
93 32 -92 0
93 -32 92 0
-93 32 92 0
-93 -32 -92 0
-145 -89 0
-145 143 0
145 89 -143 0
91 31 -90 0
91 -31 90 0
-91 31 90 0
-91 -31 -90 0
143 87 0
143 -141 0
-143 -87 141 0
89 30 -88 0
89 -30 88 0
-89 30 88 0
-89 -30 -88 0
-141 -85 0
-141 139 0
141 85 -139 0
87 29 -86 0
87 -29 86 0
-87 29 86 0
-87 -29 -86 0
139 83 0
139 -137 0
-139 -83 137 0
85 28 -84 0
85 -28 84 0
-85 28 84 0
-85 -28 -84 0
137 81 0
137 -135 0
-137 -81 135 0
83 27 -82 0
83 -27 82 0
-83 27 82 0
-83 -27 -82 0
78 -24 0
78 -76 0
-78 24 76 0
-101 -45 0
-101 99 0
101 45 -99 0
47 9 -46 0
47 -9 46 0
-47 9 46 0
-47 -9 -46 0
99 43 0
99 -97 0
-99 -43 97 0
97 41 0
97 -95 0
-97 -41 95 0
95 39 0
95 37 0
-95 -39 -37 0
117 61 0
117 -115 0
-117 -61 115 0
-115 -59 0
-115 113 0
115 59 -113 0
113 57 0
113 -111 0
-113 -57 111 0
-111 -55 0
-111 109 0
111 55 -109 0
-109 -53 0
-109 107 0
109 53 -107 0
107 51 0
107 -105 0
-107 -51 105 0
-105 -49 0
-105 103 0
105 49 -103 0
-103 -47 0
-103 101 0
103 47 -101 0
131 75 0
131 -129 0
-131 -75 129 0
77 24 -76 0
77 -24 76 0
-77 24 76 0
-77 -24 -76 0
129 73 0
129 -127 0
-129 -73 127 0
-127 -71 0
-127 125 0
127 71 -125 0
125 69 0
125 -123 0
-125 -69 123 0
-123 -67 0
-123 121 0
123 67 -121 0
121 65 0
121 -119 0
-121 -65 119 0
-119 -63 0
-119 117 0
119 63 -117 0
-160 -148 0
-160 158 0
160 148 -158 0
-158 -146 0
-158 156 0
158 146 -156 0
148 -93 -147 0
148 93 147 0
-148 -93 147 0
-148 93 -147 0
-156 144 0
-156 154 0
156 -144 -154 0
146 -91 -145 0
146 91 145 0
-146 -91 145 0
-146 91 -145 0
154 142 0
154 -152 0
-154 -142 152 0
144 -89 -143 0
144 89 143 0
-144 -89 143 0
-144 89 -143 0
-152 140 0
-152 150 0
152 -140 -150 0
142 -87 -141 0
142 87 141 0
-142 -87 141 0
-142 87 -141 0
-150 -138 0
-150 -136 0
150 138 136 0
140 -85 -139 0
140 85 139 0
-140 -85 139 0
-140 85 -139 0
138 -83 -137 0
138 83 137 0
-138 -83 137 0
-138 83 -137 0
-133 -77 0
-133 131 0
133 77 -131 0
79 25 -78 0
79 -25 78 0
-79 25 78 0
-79 -25 -78 0
80 -25 0
80 -78 0
-80 25 78 0
-176 100 0
-176 174 0
176 -100 -174 0
102 -47 -101 0
102 47 101 0
-102 -47 101 0
-102 47 -101 0
174 98 0
174 -172 0
-174 -98 172 0
100 -45 -99 0
100 45 99 0
-100 -45 99 0
-100 45 -99 0
-172 -96 0
-172 170 0
172 96 -170 0
98 -43 -97 0
98 43 97 0
-98 -43 97 0
-98 43 -97 0
170 94 0
170 -168 0
-170 -94 168 0
96 -41 -95 0
96 41 95 0
-96 -41 95 0
-96 41 -95 0
-168 37 0
-168 166 0
168 -37 -166 0
94 -39 37 0
94 39 -37 0
-94 -39 -37 0
-94 39 37 0
166 35 0
166 -164 0
-166 -35 164 0
164 33 0
164 -162 0
-164 -33 162 0
162 1 0
162 -160 0
-162 -1 160 0
192 116 0
192 -190 0
-192 -116 190 0
118 -63 -117 0
118 63 117 0
-118 -63 117 0
-118 63 -117 0
-190 114 0
-190 188 0
190 -114 -188 0
116 -61 -115 0
116 61 115 0
-116 -61 115 0
-116 61 -115 0
-188 -112 0
-188 186 0
188 112 -186 0
114 -59 -113 0
114 59 113 0
-114 -59 113 0
-114 59 -113 0
186 -110 0
186 -184 0
-186 110 184 0
112 -57 -111 0
112 57 111 0
-112 -57 111 0
-112 57 -111 0
184 -108 0
184 -182 0
-184 108 182 0
110 -55 -109 0
110 55 109 0
-110 -55 109 0
-110 55 -109 0
-182 -106 0
-182 180 0
182 106 -180 0
108 -53 -107 0
108 53 107 0
-108 -53 107 0
-108 53 -107 0
180 -104 0
180 -178 0
-180 104 178 0
106 -51 -105 0
106 51 105 0
-106 -51 105 0
-106 51 -105 0
178 -102 0
178 -176 0
-178 102 176 0
104 -49 -103 0
104 49 103 0
-104 -49 103 0
-104 49 -103 0
208 -132 0
208 -206 0
-208 132 206 0
134 -79 -133 0
134 79 133 0
-134 -79 133 0
-134 79 -133 0
206 130 0
206 -204 0
-206 -130 204 0
132 -77 -131 0
132 77 131 0
-132 -77 131 0
-132 77 -131 0
-204 -128 0
-204 202 0
204 128 -202 0
130 -75 -129 0
130 75 129 0
-130 -75 129 0
-130 75 -129 0
202 -126 0
202 -200 0
-202 126 200 0
128 -73 -127 0
128 73 127 0
-128 -73 127 0
-128 73 -127 0
200 124 0
200 -198 0
-200 -124 198 0
126 -71 -125 0
126 71 125 0
-126 -71 125 0
-126 71 -125 0
198 -122 0
198 -196 0
-198 122 196 0
124 -69 -123 0
124 69 123 0
-124 -69 123 0
-124 69 -123 0
196 120 0
196 -194 0
-196 -120 194 0
122 -67 -121 0
122 67 121 0
-122 -67 121 0
-122 67 -121 0
194 -118 0
194 -192 0
-194 118 192 0
-221 159 0
-221 219 0
221 -159 -219 0
-219 157 0
-219 217 0
219 -157 -217 0
-217 155 0
-217 215 0
217 -155 -215 0
120 -65 -119 0
120 65 119 0
-120 -65 119 0
-120 65 -119 0
-215 -153 0
-215 213 0
215 153 -213 0
-213 151 0
-213 211 0
213 -151 -211 0
-211 149 0
-211 136 0
211 -149 -136 0
81 26 -80 0
81 -26 80 0
-81 26 80 0
-81 -26 -80 0
43 7 -42 0
43 -7 42 0
-43 7 42 0
-43 -7 -42 0
-237 175 0
-237 235 0
237 -175 -235 0
177 102 -176 0
177 -102 176 0
-177 102 176 0
-177 -102 -176 0
41 6 -40 0
41 -6 40 0
-41 6 40 0
-41 -6 -40 0
235 173 0
235 -233 0
-235 -173 233 0
175 100 -174 0
175 -100 174 0
-175 100 174 0
-175 -100 -174 0
39 5 -38 0
39 -5 38 0
-39 5 38 0
-39 -5 -38 0
-233 171 0
-233 231 0
233 -171 -231 0
35 3 -34 0
35 -3 34 0
-35 3 34 0
-35 -3 -34 0
-229 167 0
-229 227 0
229 -167 -227 0
33 2 -1 0
33 -2 1 0
-33 2 1 0
-33 -2 -1 0
227 165 0
227 -225 0
-227 -165 225 0
225 163 0
225 -223 0
-225 -163 223 0
-223 -161 0
-223 221 0
223 161 -221 0
157 -146 -156 0
157 146 156 0
-157 -146 156 0
-157 146 -156 0
59 15 -58 0
59 -15 58 0
-59 15 58 0
-59 -15 -58 0
253 191 0
253 -251 0
-253 -191 251 0
193 118 -192 0
193 -118 192 0
-193 118 192 0
-193 -118 -192 0
155 144 -154 0
155 -144 154 0
-155 144 154 0
-155 -144 -154 0
57 14 -56 0
57 -14 56 0
-57 14 56 0
-57 -14 -56 0
-251 189 0
-251 249 0
251 -189 -249 0
191 -116 -190 0
191 116 190 0
-191 -116 190 0
-191 116 -190 0
153 -142 -152 0
153 142 152 0
-153 -142 152 0
-153 142 -152 0
55 13 -54 0
55 -13 54 0
-55 13 54 0
-55 -13 -54 0
-249 187 0
-249 247 0
249 -187 -247 0
189 114 -188 0
189 -114 188 0
-189 114 188 0
-189 -114 -188 0
151 140 -150 0
151 -140 150 0
-151 140 150 0
-151 -140 -150 0
53 12 -52 0
53 -12 52 0
-53 12 52 0
-53 -12 -52 0
-247 -185 0
-247 245 0
247 185 -245 0
187 -112 -186 0
187 112 186 0
-187 -112 186 0
-187 112 -186 0
149 -138 136 0
149 138 -136 0
-149 -138 -136 0
-149 138 136 0
51 11 -50 0
51 -11 50 0
-51 11 50 0
-51 -11 -50 0
245 183 0
245 -243 0
-245 -183 243 0
185 110 -184 0
185 -110 184 0
-185 110 184 0
-185 -110 -184 0
49 10 -48 0
49 -10 48 0
-49 10 48 0
-49 -10 -48 0
-243 181 0
-243 241 0
243 -181 -241 0
183 108 -182 0
183 -108 182 0
-183 108 182 0
-183 -108 -182 0
241 179 0
241 -239 0
-241 -179 239 0
181 -106 -180 0
181 106 180 0
-181 -106 180 0
-181 106 -180 0
45 8 -44 0
45 -8 44 0
-45 8 44 0
-45 -8 -44 0
-239 -177 0
-239 237 0
239 177 -237 0
179 104 -178 0
179 -104 178 0
-179 104 178 0
-179 -104 -178 0
173 -98 -172 0
173 98 172 0
-173 -98 172 0
-173 98 -172 0
75 23 -74 0
75 -23 74 0
-75 23 74 0
-75 -23 -74 0
269 207 0
269 -267 0
-269 -207 267 0
207 132 -206 0
207 -132 206 0
-207 132 206 0
-207 -132 -206 0
205 -130 -204 0
205 130 204 0
-205 -130 204 0
-205 130 -204 0
203 -128 -202 0
203 128 202 0
-203 -128 202 0
-203 128 -202 0
201 126 -200 0
201 -126 200 0
-201 126 200 0
-201 -126 -200 0
199 -124 -198 0
199 124 198 0
-199 -124 198 0
-199 124 -198 0
197 122 -196 0
197 -122 196 0
-197 122 196 0
-197 -122 -196 0
209 -134 -208 0
209 134 208 0
-209 -134 208 0
-209 134 -208 0
159 -148 -158 0
159 148 158 0
-159 -148 158 0
-159 148 -158 0
61 16 -60 0
61 -16 60 0
-61 16 60 0
-61 -16 -60 0
-255 -193 0
-255 253 0
255 193 -253 0
195 -120 -194 0
195 120 194 0
-195 -120 194 0
-195 120 -194 0
222 -161 -221 0
222 161 221 0
-222 -161 221 0
-222 161 -221 0
171 -96 -170 0
171 96 170 0
-171 -96 170 0
-171 96 -170 0
73 22 -72 0
73 -22 72 0
-73 22 72 0
-73 -22 -72 0
267 205 0
267 -265 0
-267 -205 265 0
220 159 -219 0
220 -159 219 0
-220 159 219 0
-220 -159 -219 0
169 -94 -168 0
169 94 168 0
-169 -94 168 0
-169 94 -168 0
71 21 -70 0
71 -21 70 0
-71 21 70 0
-71 -21 -70 0
-265 203 0
-265 263 0
265 -203 -263 0
218 157 -217 0
218 -157 217 0
-218 157 217 0
-218 -157 -217 0
167 37 -166 0
167 -37 166 0
-167 37 166 0
-167 -37 -166 0
69 20 -68 0
69 -20 68 0
-69 20 68 0
-69 -20 -68 0
-263 -201 0
-263 261 0
263 201 -261 0
216 155 -215 0
216 -155 215 0
-216 155 215 0
-216 -155 -215 0
165 -35 -164 0
165 35 164 0
-165 -35 164 0
-165 35 -164 0
67 19 -66 0
67 -19 66 0
-67 19 66 0
-67 -19 -66 0
261 199 0
261 -259 0
-261 -199 259 0
214 -153 -213 0
214 153 213 0
-214 -153 213 0
-214 153 -213 0
163 -33 -162 0
163 33 162 0
-163 -33 162 0
-163 33 -162 0
65 18 -64 0
65 -18 64 0
-65 18 64 0
-65 -18 -64 0
259 197 0
259 -257 0
-259 -197 257 0
212 151 -211 0
212 -151 211 0
-212 151 211 0
-212 -151 -211 0
161 -1 -160 0
161 1 160 0
-161 -1 160 0
-161 1 -160 0
63 17 -62 0
63 -17 62 0
-63 17 62 0
-63 -17 -62 0
257 195 0
257 -255 0
-257 -195 255 0
210 149 -136 0
210 -149 136 0
-210 149 136 0
-210 -149 -136 0
238 -177 -237 0
238 177 237 0
-238 -177 237 0
-238 177 -237 0
236 175 -235 0
236 -175 235 0
-236 175 235 0
-236 -175 -235 0
234 -173 -233 0
234 173 233 0
-234 -173 233 0
-234 173 -233 0
232 171 -231 0
232 -171 231 0
-232 171 231 0
-232 -171 -231 0
135 79 0
135 -133 0
-135 -79 133 0
36 -3 0
36 -34 0
-36 3 34 0
230 -169 -229 0
230 169 229 0
-230 -169 229 0
-230 169 -229 0
37 4 -36 0
37 -4 36 0
-37 4 36 0
-37 -4 -36 0
-231 -169 0
-231 229 0
231 169 -229 0
136 -81 -135 0
136 81 135 0
-136 -81 135 0
-136 81 -135 0
34 -2 0
34 -1 0
-34 2 1 0
228 167 -227 0
228 -167 227 0
-228 167 227 0
-228 -167 -227 0
226 -165 -225 0
226 165 225 0
-226 -165 225 0
-226 165 -225 0
254 -193 -253 0
254 193 253 0
-254 -193 253 0
-254 193 -253 0
252 -191 -251 0
252 191 251 0
-252 -191 251 0
-252 191 -251 0
250 189 -249 0
250 -189 249 0
-250 189 249 0
-250 -189 -249 0
248 187 -247 0
248 -187 247 0
-248 187 247 0
-248 -187 -247 0
246 -185 -245 0
246 185 245 0
-246 -185 245 0
-246 185 -245 0
224 -163 -223 0
224 163 223 0
-224 -163 223 0
-224 163 -223 0
270 -209 -269 0
270 209 269 0
-270 -209 269 0
-270 209 -269 0
268 -207 -267 0
268 207 267 0
-268 -207 267 0
-268 207 -267 0
244 -183 -243 0
244 183 243 0
-244 -183 243 0
-244 183 -243 0
266 -205 -265 0
266 205 265 0
-266 -205 265 0
-266 205 -265 0
242 181 -241 0
242 -181 241 0
-242 181 241 0
-242 -181 -241 0
264 203 -263 0
264 -203 263 0
-264 203 263 0
-264 -203 -263 0
240 -179 -239 0
240 179 239 0
-240 -179 239 0
-240 179 -239 0
262 -201 -261 0
262 201 261 0
-262 -201 261 0
-262 201 -261 0
260 -199 -259 0
260 199 259 0
-260 -199 259 0
-260 199 -259 0
258 -197 -257 0
258 197 257 0
-258 -197 257 0
-258 197 -257 0
256 -195 -255 0
256 195 255 0
-256 -195 255 0
-256 195 -255 0
