# hash algorithm: MD5
# difficulty: 1
# solver: PreimageSAT
# input message size: 64
# output message size: 128
# number of variables: 270
# number of gates: 238
64 128 270 238
1 2 3 4 5 6 7 8 9 10 11 12 13 14 15 16 17 18 19 20 21 22 23 24 25 26 27 28 29 30 31 32 0 0 0 0 0 0 0 0 0 0 0 0 0 0 0 0 0 0 0 0 0 0 0 0 0 0 0 0 0 0 0 0
0 0 0 0 0 0 0 0 0 0 0 0 0 0 0 0 0 0 0 0 0 0 0 0 0 0 0 0 0 0 0 0 0 0 0 0 0 0 0 0 0 0 0 0 0 0 0 0 0 0 0 0 0 0 0 0 0 0 0 0 0 0 0 0 0 0 0 0 0 0 0 0 0 0 0 0 0 0 0 0 0 0 0 0 0 0 0 0 0 0 0 0 0 0 0 0 -256 -258 -260 262 264 -266 -268 270 -240 242 -244 246 248 250 -252 254 -224 -226 228 230 232 -234 236 238 -136 210 212 214 216 218 220 222
O 30 92 31 90
O 29 90 30 88
O 28 88 29 86
O 27 86 28 84
O 26 84 27 82
O 25 82 26 80
O 7 46 8 44
O 6 44 7 42
O 5 42 6 40
O 4 40 5 38
O 3 38 4 36
O 15 62 16 60
O 14 60 15 58
O 13 58 14 56
O 12 56 13 54
O 11 54 12 52
O 10 52 11 50
O 9 50 10 48
O 8 48 9 46
O 22 76 23 74
O 21 74 22 72
O 20 72 21 70
O 19 70 20 68
O 18 68 19 66
O 17 66 18 64
O 16 64 17 62
O 31 147 -91 145
X 31 93 32 92
A 30 145 -89 143
X 30 91 31 90
O 29 143 -87 141
X 29 89 30 88
A 28 141 -85 139
X 28 87 29 86
O 27 139 -83 137
X 27 85 28 84
O 26 137 -81 135
X 26 83 27 82
O 23 78 24 76
A 8 101 -45 99
X 8 47 9 46
O 7 99 -43 97
O 6 97 -41 95
O 5 95 -39 -37
O 16 117 -61 115
A 15 115 -59 113
O 14 113 -57 111
A 13 111 -55 109
A 12 109 -53 107
O 11 107 -51 105
A 10 105 -49 103
A 9 103 -47 101
O 23 131 -75 129
X 23 77 24 76
O 22 129 -73 127
A 21 127 -71 125
O 20 125 -69 123
A 19 123 -67 121
O 18 121 -65 119
A 17 119 -63 117
A 33 160 -148 158
A 32 158 -146 156
X 32 148 -93 147
A 31 156 144 154
X 31 146 -91 145
O 30 154 -142 152
X 30 144 -89 143
A 29 152 140 150
X 29 142 -87 141
A 28 150 -138 -136
X 28 140 -85 139
X 27 138 -83 137
A 24 133 -77 131
X 24 79 25 78
O 24 80 25 78
A 41 176 100 174
X 9 102 -47 101
O 40 174 -98 172
X 8 100 -45 99
A 39 172 -96 170
X 7 98 -43 97
O 38 170 -94 168
X 6 96 -41 95
A 37 168 37 166
X 5 94 -39 -37
O 36 166 -35 164
O 35 164 -33 162
O 34 162 -1 160
O 49 192 -116 190
X 17 118 -63 117
A 48 190 114 188
X 16 116 -61 115
A 47 188 -112 186
X 15 114 -59 113
O 46 186 110 184
X 14 112 -57 111
O 45 184 108 182
X 13 110 -55 109
A 44 182 -106 180
X 12 108 -53 107
O 43 180 104 178
X 11 106 -51 105
O 42 178 102 176
X 10 104 -49 103
O 57 208 132 206
X 25 134 -79 133
O 56 206 -130 204
X 24 132 -77 131
A 55 204 -128 202
X 23 130 -75 129
O 54 202 126 200
X 22 128 -73 127
O 53 200 -124 198
X 21 126 -71 125
O 52 198 122 196
X 20 124 -69 123
O 51 196 -120 194
X 19 122 -67 121
O 50 194 118 192
A 34 221 159 219
A 33 219 157 217
A 32 217 155 215
X 18 120 -65 119
A 31 215 -153 213
A 30 213 151 211
A 29 211 149 136
X 25 81 26 80
X 6 43 7 42
A 42 237 175 235
X 42 177 102 176
X 5 41 6 40
O 41 235 -173 233
X 41 175 100 174
X 4 39 5 38
A 40 233 171 231
X 2 35 3 34
A 38 229 167 227
X 1 33 2 1
O 37 227 -165 225
O 36 225 -163 223
A 35 223 -161 221
X 32 157 -146 156
X 14 59 15 58
O 50 253 -191 251
X 50 193 118 192
X 31 155 144 154
X 13 57 14 56
A 49 251 189 249
X 49 191 -116 190
X 30 153 -142 152
X 12 55 13 54
A 48 249 187 247
X 48 189 114 188
X 29 151 140 150
X 11 53 12 52
A 47 247 -185 245
X 47 187 -112 186
X 28 149 -138 -136
X 10 51 11 50
O 46 245 -183 243
X 46 185 110 184
X 9 49 10 48
A 45 243 181 241
X 45 183 108 182
O 44 241 -179 239
X 44 181 -106 180
X 7 45 8 44
A 43 239 -177 237
X 43 179 104 178
X 40 173 -98 172
X 22 75 23 74
O 58 269 -207 267
X 57 207 132 206
X 56 205 -130 204
X 55 203 -128 202
X 54 201 126 200
X 53 199 -124 198
X 52 197 122 196
X 58 209 -134 208
X 33 159 -148 158
X 15 61 16 60
A 51 255 -193 253
X 51 195 -120 194
X 35 222 -161 221
X 39 171 -96 170
X 21 73 22 72
O 57 267 -205 265
X 34 220 159 219
X 38 169 -94 168
X 20 71 21 70
A 56 265 203 263
X 33 218 157 217
X 37 167 37 166
X 19 69 20 68
A 55 263 -201 261
X 32 216 155 215
X 36 165 -35 164
X 18 67 19 66
O 54 261 -199 259
X 31 214 -153 213
X 35 163 -33 162
X 17 65 18 64
O 53 259 -197 257
X 30 212 151 211
X 34 161 -1 160
X 16 63 17 62
O 52 257 -195 255
X 29 210 149 136
X 43 238 -177 237
X 42 236 175 235
X 41 234 -173 233
X 40 232 171 231
O 25 135 -79 133
O 2 36 3 34
X 39 230 -169 229
X 3 37 4 36
A 39 231 -169 229
X 26 136 -81 135
O 1 34 2 1
X 38 228 167 227
X 37 226 -165 225
X 51 254 -193 253
X 50 252 -191 251
X 49 250 189 249
X 48 248 187 247
X 47 246 -185 245
X 36 224 -163 223
X 59 270 -209 269
X 58 268 -207 267
X 46 244 -183 243
X 57 266 -205 265
X 45 242 181 241
X 56 264 203 263
X 44 240 -179 239
X 55 262 -201 261
X 54 260 -199 259
X 53 258 -197 257
X 52 256 -195 255
